date dx dy dz
200101 0000 0.000 0.000 0.000
200102 0000 -0.003 0.003 0.001
200103 0000 -0.003 0.001 0.001
200104 0000 -0.004 0.002 0.001
200105 0000 -0.004 0.001 0.001
200106 0000 -0.005 0.001 0.001
200107 0000 -0.005 0.002 0.001
200108 0000 -0.005 0.000 0.001
200109 0000 -0.005 0.000 0.001
200110 0000 -0.005 0.000 0.001
200111 0000 -0.006 0.002 0.001
200112 0000 -0.006 0.000 0.001
200113 0000 -0.006 0.000 0.001
200114 0000 -0.006 0.000 0.001
200115 0000 -0.007 0.001 0.001
200116 0000 -0.006 -0.001 -0.000
200117 0000 -0.006 -0.001 0.001
200118 0000 -0.007 -0.001 0.001
200119 0000 -0.007 -0.001 0.001
200120 0000 -0.009 -0.001 0.002
200121 0000 -0.010 -0.001 0.002
200122 0000 -0.009 -0.001 0.002
200123 0000 -0.008 -0.001 0.001
200124 0000 -0.011 0.000 0.001
200125 0000 -0.013 0.000 0.001
200126 0000 -0.015 0.001 0.001
200127 0000 -0.016 0.002 0.001
200128 0000 -0.016 0.002 0.001
200129 0000 -0.016 0.002 0.001
200130 0000 -0.016 0.002 0.001
200131 0000 -0.015 0.000 0.001
200201 0000 -0.014 -0.001 0.001
200202 0000 -0.013 -0.001 0.002
200203 0000 -0.013 -0.003 0.001
200204 0000 -0.012 -0.002 0.001
200205 0000 -0.014 -0.001 0.001
200206 0000 -0.016 0.002 0.001
200207 0000 -0.016 0.001 0.002
200208 0000 -0.018 0.002 0.002
200209 0000 -0.020 0.001 0.002
200210 0000 -0.022 -0.001 0.003
200211 0000 -0.021 -0.001 0.003
200212 0000 -0.022 -0.000 0.003
200213 0000 -0.021 -0.001 0.003
200214 0000 -0.022 -0.001 0.003
200215 0000 -0.022 -0.001 0.003
200216 0000 -0.021 -0.002 0.003
200217 0000 -0.021 -0.002 0.003
200218 0000 -0.021 -0.002 0.003
200219 0000 -0.020 -0.000 0.003
200220 0000 -0.020 -0.002 0.003
200221 0000 -0.020 -0.000 0.003
200222 0000 -0.020 -0.002 0.003
200223 0000 -0.019 -0.003 0.003
200224 0000 -0.018 -0.002 0.003
200225 0000 -0.018 -0.001 0.003
200226 0000 -0.018 -0.002 0.003
200227 0000 -0.018 -0.001 0.003
200228 0000 -0.018 -0.001 0.003
200229 0000 -0.020 0.000 0.003
200301 0000 -0.019 -0.000 0.003
200302 0000 -0.018 -0.002 0.003
200303 0000 -0.018 -0.001 0.003
200304 0000 -0.019 -0.001 0.003
200305 0000 -0.018 -0.001 0.003
200306 0000 -0.018 -0.002 0.003
200307 0000 -0.018 -0.001 0.003
200308 0000 -0.018 -0.001 0.003
200309 0000 -0.018 -0.002 0.003
200310 0000 -0.019 -0.001 0.003
200311 0000 -0.017 -0.003 0.003
200312 0000 -0.015 -0.003 0.003
200313 0000 -0.014 -0.002 0.003
200314 0000 -0.015 -0.001 0.003
200315 0000 -0.015 -0.001 0.003
200316 0000 -0.015 -0.001 0.003
200317 0000 -0.015 -0.001 0.003
200318 0000 -0.015 -0.001 0.003
200319 0000 -0.014 -0.002 0.003
200320 0000 -0.015 -0.003 0.003
200321 0000 -0.012 -0.003 0.003
200322 0000 -0.015 -0.001 0.003
200323 0000 -0.017 0.001 0.003
200324 0000 -0.018 0.001 0.003
200325 0000 -0.019 0.002 0.003
200326 0000 -0.135 0.319 0.003
200327 0000 -0.019 0.002 0.003
200328 0000 -0.018 0.001 0.003
200329 0000 -0.018 0.001 0.003
200330 0000 -0.018 0.001 0.003
200331 0000 -0.019 0.003 0.003
200401 0000 -0.141 0.281 0.003
200402 0000 -0.020 0.002 0.003
200403 0000 -0.020 0.002 0.003
200404 0000 -0.020 0.000 0.003
200405 0000 -0.141 0.280 0.003
200406 0000 -0.020 0.000 0.003
200407 0000 -0.141 0.280 0.003
200408 0000 -0.135 0.316 0.003
200409 0000 -0.135 0.316 0.003
200410 0000 -0.018 -0.001 0.003
200411 0000 -0.017 -0.002 0.003
200412 0000 -0.017 -0.002 0.003
200413 0000 -0.017 -0.003 0.003
200414 0000 -0.016 -0.003 0.003
200415 0000 -0.017 -0.002 0.003
200416 0000 -0.017 -0.002 0.003
200417 0000 -0.016 -0.002 0.003
200418 0000 -0.016 -0.002 0.003
200419 0000 -0.016 -0.003 0.003
200420 0000 -0.016 -0.002 0.003
200421 0000 -0.014 -0.003 0.003
200422 0000 -0.015 -0.003 0.003
200423 0000 -0.014 -0.003 0.003
200424 0000 -0.016 -0.002 0.003
200425 0000 -0.014 -0.002 0.001
200426 0000 -0.012 -0.003 0.003
200427 0000 -0.013 -0.003 0.003
200428 0000 -0.012 -0.003 0.002
200429 0000 -0.012 -0.002 0.002
200430 0000 -0.012 -0.002 0.002
200501 0000 -0.011 -0.001 0.003
200502 0000 -0.011 -0.001 0.002
200503 0000 -0.010 -0.002 0.003
200504 0000 -0.010 -0.002 0.003
200505 0000 -0.010 -0.002 0.003
200506 0000 -0.010 -0.000 0.002
200507 0000 -0.010 -0.000 0.002
200508 0000 -0.010 -0.000 0.002
200509 0000 -0.010 -0.001 0.002
200510 0000 -0.009 -0.001 0.003
200511 0000 -0.009 -0.001 0.003
200512 0000 -0.008 -0.000 0.002
200513 0000 -0.009 0.000 0.002
200514 0000 -0.009 0.000 0.002
200515 0000 -0.009 0.000 0.002
200516 0000 -0.009 0.000 0.002
200517 0000 -0.008 0.001 0.002
200518 0000 -0.009 0.000 0.002
200519 0000 -0.008 -0.000 0.002
200520 0000 -0.008 -0.000 0.002
200521 0000 -0.008 0.001 0.002
200522 0000 -0.008 -0.001 0.001
200523 0000 -0.008 -0.000 0.002
200524 0000 -0.007 -0.001 0.003
200525 0000 -0.007 0.001 0.002
200526 0000 -0.006 -0.001 0.002
200527 0000 -0.007 -0.001 0.003
200528 0000 -0.006 -0.000 0.002
200529 0000 -0.006 -0.002 0.002
200530 0000 -0.006 -0.000 0.002
200531 0000 -0.005 -0.001 0.002
200601 0000 -0.006 -0.002 0.002
200602 0000 -0.004 -0.001 0.002
200603 0000 -0.004 -0.001 0.002
200604 0000 -0.004 -0.001 0.002
200605 0000 -0.004 -0.001 0.002
200606 0000 -0.004 0.000 0.002
200607 0000 -0.004 -0.001 0.002
200608 0000 -0.005 -0.002 0.002
200609 0000 -0.004 -0.001 0.002
200610 0000 -0.004 -0.000 0.002
200611 0000 -0.004 -0.001 0.002
200612 0000 -0.003 -0.002 0.002
200613 0000 -0.003 -0.002 0.002
200614 0000 -0.003 -0.002 0.002
200615 0000 -0.004 -0.001 0.002
200616 0000 -0.003 -0.002 0.001
200617 0000 -0.004 -0.001 0.002
200618 0000 -0.004 -0.001 0.002
200619 0000 -0.005 -0.003 0.002
200620 0000 -0.003 -0.002 0.002
200621 0000 -0.002 -0.002 0.003
200622 0000 -0.003 -0.002 0.002
200623 0000 -0.003 -0.002 0.001
200624 0000 -0.003 -0.004 0.002
200625 0000 -0.002 -0.003 0.002
200626 0000 -0.002 -0.003 0.002
200627 0000 -0.002 -0.003 0.002
200628 0000 -0.002 -0.003 0.002
200629 0000 -0.002 -0.003 0.002
200630 0000 -0.002 -0.003 0.002
200701 0000 -0.002 -0.003 0.003
200702 0000 -0.003 -0.004 0.002
200703 0000 0.000 -0.004 0.003
200704 0000 0.000 -0.004 0.003
200705 0000 -0.001 -0.003 0.002
200706 0000 -0.001 -0.005 0.002
200707 0000 -0.000 -0.004 0.002
200708 0000 0.000 -0.004 0.003
200709 0000 -0.000 -0.004 0.002
200710 0000 -0.000 -0.004 0.002
200711 0000 -0.000 -0.004 0.002
200712 0000 0.000 -0.004 0.003
200713 0000 0.001 -0.004 0.003
200714 0000 0.000 -0.004 0.002
200715 0000 0.000 -0.004 0.002
200716 0000 0.000 -0.004 0.002
200717 0000 0.000 -0.004 0.002
200718 0000 0.000 -0.004 0.002
200719 0000 0.000 -0.004 0.002
200720 0000 0.000 -0.004 0.002
200721 0000 0.000 -0.004 0.002
200722 0000 0.000 -0.004 0.002
200723 0000 0.001 -0.003 0.003
200724 0000 0.001 -0.003 0.002
200725 0000 0.002 -0.005 0.002
200726 0000 0.001 -0.003 0.002
200727 0000 0.001 -0.004 0.002
200728 0000 0.002 -0.004 0.002
200729 0000 0.002 -0.007 0.002
200730 0000 0.001 -0.003 0.003
200731 0000 0.001 -0.003 0.002
200801 0000 0.001 -0.003 0.002
200802 0000 0.001 -0.003 0.003
200803 0000 0.001 -0.003 0.003
200804 0000 0.002 -0.005 0.002
200805 0000 0.002 -0.004 0.002
200806 0000 0.002 -0.004 0.002
200807 0000 -0.000 -0.004 0.002
200808 0000 0.002 -0.005 0.003
200809 0000 0.002 -0.007 0.002
200810 0000 0.001 -0.006 0.002
200811 0000 0.002 -0.005 0.002
200812 0000 0.001 -0.003 0.002
200813 0000 0.002 -0.005 0.002
200814 0000 0.001 -0.002 0.002
200815 0000 0.002 -0.005 0.003
200816 0000 0.002 -0.007 0.002
200817 0000 0.002 -0.005 0.002
200818 0000 -0.126 0.380 0.002
200819 0000 0.002 -0.007 0.002
200820 0000 0.002 -0.007 0.002
200821 0000 -0.207 -0.129 0.002
200822 0000 -0.191 -0.031 0.002
200823 0000 -0.191 -0.031 0.002
200824 0000 0.003 -0.023 0.003
200825 0000 0.005 -0.021 0.001
200826 0000 0.005 -0.020 0.003
200827 0000 0.006 -0.021 0.003
200828 0000 0.006 -0.024 0.003
200829 0000 0.005 -0.022 0.001
200830 0000 0.006 -0.021 0.003
200831 0000 0.005 -0.022 0.003
200901 0000 0.005 -0.021 0.001
200902 0000 0.005 -0.022 0.003
200903 0000 0.005 -0.022 0.003
200904 0000 0.006 -0.022 0.003
200905 0000 0.004 -0.021 0.003
200906 0000 0.005 -0.024 0.003
200907 0000 0.004 -0.024 0.003
200908 0000 0.005 -0.022 0.003
200909 0000 0.005 -0.024 0.003
200910 0000 0.004 -0.024 0.003
200911 0000 0.005 -0.023 0.003
200912 0000 0.005 -0.022 0.003
200913 0000 0.005 -0.022 0.003
200914 0000 0.005 -0.022 0.003
200915 0000 0.005 -0.022 0.002
200916 0000 0.004 -0.024 0.003
200917 0000 0.005 -0.022 0.003
200918 0000 0.008 -0.024 0.003
200919 0000 0.007 -0.023 0.003
200920 0000 0.005 -0.025 0.003
200921 0000 0.008 -0.024 0.003
200922 0000 0.008 -0.024 0.002
200923 0000 0.008 -0.024 0.003
200924 0000 0.005 -0.025 0.003
200925 0000 0.008 -0.024 0.003
200926 0000 0.008 -0.024 0.003
200927 0000 0.008 -0.024 0.003
200928 0000 0.008 -0.024 0.003
200929 0000 0.008 -0.024 0.002
200930 0000 0.008 -0.023 0.003
201001 0000 0.007 -0.026 0.003
201002 0000 0.009 -0.025 0.003
201003 0000 0.010 -0.024 0.003
201004 0000 0.009 -0.024 0.003
201005 0000 0.010 -0.027 0.003
201006 0000 0.010 -0.024 0.003
201007 0000 0.010 -0.024 0.003
201008 0000 0.011 -0.023 0.003
201009 0000 0.010 -0.028 0.003
201010 0000 0.011 -0.025 0.003
201011 0000 0.012 -0.024 0.003
201012 0000 0.012 -0.024 0.003
201013 0000 0.012 -0.024 0.003
201014 0000 0.011 -0.026 0.003
201015 0000 0.012 -0.024 0.003
201016 0000 0.012 -0.024 0.003
201017 0000 0.012 -0.024 0.003
201018 0000 0.013 -0.023 0.003
201019 0000 0.012 -0.024 0.003
201020 0000 0.013 -0.024 0.003
201021 0000 0.012 -0.024 0.003
201022 0000 0.011 -0.025 0.003
201023 0000 0.012 -0.024 0.003
201024 0000 0.012 -0.024 0.003
201025 0000 0.013 -0.023 0.003
201026 0000 0.012 -0.024 0.003
201027 0000 0.014 -0.024 0.003
201028 0000 0.014 -0.024 0.003
201029 0000 0.014 -0.024 0.003
201030 0000 0.012 -0.024 0.003
201031 0000 0.013 -0.023 0.003
201101 0000 0.014 -0.020 0.003
201102 0000 0.015 -0.025 0.003
201103 0000 0.013 -0.022 0.003
201104 0000 0.015 -0.025 0.003
201105 0000 0.015 -0.025 0.003
201106 0000 0.014 -0.020 0.003
201107 0000 0.014 -0.021 0.003
201108 0000 0.013 -0.023 0.003
201109 0000 0.015 -0.021 0.003
201110 0000 0.014 -0.021 0.003
201111 0000 -0.131 0.317 0.003
201112 0000 -0.131 0.319 0.003
201113 0000 0.011 -0.020 0.003
201114 0000 -0.136 0.287 0.003
201115 0000 -0.135 0.297 0.003
201116 0000 -0.136 0.287 0.003
201117 0000 -0.137 0.285 0.003
201118 0000 -0.136 0.290 0.003
201119 0000 0.011 -0.020 0.003
201120 0000 -0.136 0.293 0.003
201121 0000 -0.138 0.283 0.003
201122 0000 -0.125 0.359 0.003
201123 0000 0.005 -0.018 0.003
201124 0000 0.006 -0.016 0.004
201125 0000 0.006 -0.016 0.003
201126 0000 0.006 -0.015 0.003
201127 0000 0.003 -0.016 0.003
201128 0000 0.004 -0.015 0.003
201129 0000 0.005 -0.016 0.003
201130 0000 0.003 -0.017 0.003
201201 0000 0.003 -0.016 0.004
201202 0000 0.002 -0.017 0.003
201203 0000 0.001 -0.018 0.003
201204 0000 0.004 -0.018 0.003
201205 0000 0.003 -0.017 0.003
201206 0000 0.001 -0.018 0.003
201207 0000 0.002 -0.019 0.003
201208 0000 0.001 -0.018 0.003
201209 0000 0.003 -0.019 0.003
201210 0000 0.003 -0.019 0.003
201211 0000 0.002 -0.019 0.003
201212 0000 0.002 -0.017 0.003
201213 0000 0.002 -0.017 0.003
201214 0000 0.002 -0.019 0.003
201215 0000 0.002 -0.019 0.003
201216 0000 0.001 -0.016 0.003
201217 0000 -0.001 -0.018 0.003
201218 0000 0.001 -0.016 0.003
201219 0000 0.001 -0.018 0.003
201220 0000 -0.001 -0.016 0.003
201221 0000 -0.003 -0.015 0.003
201222 0000 -0.003 -0.016 0.003
201223 0000 -0.003 -0.015 0.003
201224 0000 -0.002 -0.019 0.003
201225 0000 -0.132 0.302 0.003
201226 0000 -0.003 -0.016 0.003
201227 0000 -0.003 -0.015 0.003
201228 0000 -0.006 -0.014 0.003
201229 0000 -0.005 -0.016 0.004
201230 0000 -0.005 -0.016 0.003
201231 0000 -0.005 -0.015 0.003
210101 0000 -0.007 -0.013 0.003
210102 0000 -0.007 -0.015 0.003
210103 0000 -0.007 -0.015 0.003
210104 0000 -0.008 -0.015 0.003
210105 0000 -0.007 -0.015 0.003
210106 0000 -0.007 -0.015 0.003
210107 0000 -0.008 -0.015 0.003
210108 0000 -0.009 -0.015 0.003
210109 0000 -0.008 -0.014 0.003
210110 0000 -0.008 -0.014 0.003
210111 0000 -0.010 -0.013 0.003
210112 0000 -0.010 -0.014 0.003
210113 0000 -0.010 -0.015 0.003
210114 0000 -0.010 -0.015 0.003
210115 0000 -0.010 -0.015 0.003
210116 0000 -0.011 -0.015 0.003
210117 0000 -0.010 -0.015 0.003
210118 0000 -0.014 -0.014 0.003
210119 0000 -0.015 -0.014 0.004
210120 0000 -0.014 -0.014 0.003
210121 0000 -0.014 -0.015 0.004
210122 0000 -0.015 -0.015 0.004
210123 0000 -0.012 -0.016 0.004
210124 0000 -0.012 -0.016 0.003
210125 0000 -0.012 -0.016 0.004
210126 0000 -0.012 -0.016 0.003
210127 0000 -0.014 -0.015 0.004
210128 0000 -0.025 0.134 0.003
210129 0000 -0.025 0.133 0.003
210130 0000 -0.025 0.134 0.002
210131 0000 -0.025 0.133 0.003
210201 0000 -0.025 0.134 0.003
210202 0000 -0.026 0.135 0.002
210203 0000 -0.027 0.134 0.002
210204 0000 -0.026 0.134 0.002
210205 0000 -0.025 0.134 0.002
210206 0000 -0.027 0.134 0.002
210207 0000 -0.025 0.134 0.002
210208 0000 -0.025 0.134 0.002
210209 0000 -0.025 0.134 0.002
210210 0000 -0.027 0.135 0.002
210211 0000 -0.027 0.135 0.003
210212 0000 -0.028 0.135 0.003
210213 0000 -0.031 0.135 0.002
210214 0000 -0.032 0.133 0.002
210215 0000 -0.037 0.133 0.001
210216 0000 -0.040 0.132 -0.002
210217 0000 -0.039 0.132 -0.003
210218 0000 -0.038 0.131 -0.002
210219 0000 -0.037 0.131 0.002
210220 0000 -0.036 0.131 0.002
210221 0000 -0.036 0.130 0.002
210222 0000 -0.034 0.130 0.002
210223 0000 -0.035 0.131 0.002
210224 0000 -0.033 0.131 0.002
210225 0000 -0.034 0.130 0.002
210226 0000 -0.034 0.130 0.002
210227 0000 -0.033 0.131 0.002
210228 0000 -0.034 0.132 0.002
210301 0000 -0.034 0.132 0.002
210302 0000 -0.034 0.132 0.002
210303 0000 -0.034 0.132 0.002
210304 0000 -0.034 0.130 0.002
210305 0000 -0.033 0.131 0.002
210306 0000 -0.033 0.132 0.002
210307 0000 -0.033 0.133 0.002
210308 0000 -0.033 0.133 0.002
210309 0000 -0.033 0.133 0.002
210310 0000 -0.035 0.133 0.002
210311 0000 -0.033 0.133 0.002
210312 0000 -0.034 0.132 0.002
210313 0000 -0.035 0.132 0.002
210314 0000 -0.033 0.132 0.002
210315 0000 -0.033 0.132 0.002
210316 0000 -0.033 0.132 0.002
210317 0000 -0.065 -0.065 0.043
210318 0000 -0.066 -0.064 0.043
210319 0000 -0.066 -0.063 0.043
210320 0000 -0.067 -0.062 0.043
210321 0000 -0.069 -0.058 0.043
210322 0000 -0.071 -0.057 0.043
210323 0000 -0.072 -0.056 0.043
210324 0000 -0.072 -0.055 0.043
210325 0000 -0.071 -0.057 0.043
210326 0000 -0.070 -0.056 0.043
210327 0000 -0.062 -0.076 0.706
210328 0000 -0.062 -0.076 0.706
210329 0000 -0.062 -0.076 0.706
210330 0000 -0.060 -0.077 0.706
210331 0000 -0.057 -0.019 0.693
210401 0000 -0.058 -0.019 0.693
210402 0000 -0.057 -0.020 0.693
210403 0000 -0.057 -0.019 0.693
210404 0000 -0.057 -0.020 0.693
210405 0000 -0.058 -0.019 0.693
210406 0000 -0.058 -0.019 0.693
210407 0000 -0.058 -0.019 0.693
210408 0000 -0.057 -0.019 0.693
210409 0000 -0.059 -0.018 0.693
210410 0000 -0.058 -0.019 0.693
210411 0000 -0.057 -0.020 0.693
210412 0000 -0.056 -0.020 0.693
210413 0000 -0.057 -0.020 0.693
210414 0000 -0.057 -0.019 0.693
210415 0000 -0.058 -0.017 0.693
210416 0000 -0.058 -0.019 0.693
210417 0000 -0.057 -0.019 0.693
210418 0000 -0.057 -0.020 0.693
210419 0000 -0.057 -0.018 0.693
210420 0000 -0.057 -0.018 0.693
210421 0000 -0.055 -0.019 0.693
210422 0000 -0.055 -0.019 0.693
210423 0000 -0.055 -0.019 0.693
210424 0000 -0.055 -0.020 0.693
210425 0000 -0.054 -0.020 0.693
210426 0000 -0.054 -0.020 0.693
210427 0000 -0.055 -0.020 0.693
210428 0000 -0.054 -0.020 0.693
210429 0000 -0.053 -0.021 0.693
210430 0000 -0.052 -0.021 0.693
210501 0000 -0.052 -0.020 0.693
210502 0000 -0.048 -0.020 0.693
210503 0000 -0.048 -0.020 0.694
210504 0000 -0.048 -0.020 0.693
210505 0000 -0.048 -0.020 0.693
210506 0000 -0.047 -0.020 0.694
210507 0000 -0.047 -0.020 0.693
210508 0000 -0.047 -0.019 0.693
210509 0000 -0.048 -0.019 0.695
210510 0000 -0.047 -0.018 0.692
210511 0000 -0.047 -0.018 0.692
210512 0000 -0.045 -0.017 0.690
210513 0000 -0.045 -0.018 0.690
210514 0000 -0.046 -0.015 0.689
210515 0000 -0.046 -0.015 0.689
210516 0000 -0.046 -0.015 0.689
210517 0000 -0.046 -0.015 0.689
210518 0000 -0.046 -0.015 0.688
210519 0000 -0.045 -0.015 0.688
210520 0000 -0.044 -0.016 0.688
210521 0000 -0.044 -0.015 0.688
210522 0000 -0.044 -0.015 0.688
210523 0000 -0.043 -0.016 0.688
210524 0000 -0.043 -0.016 0.688
210525 0000 -0.043 -0.016 0.688
210526 0000 -0.044 -0.015 0.688
210527 0000 -0.043 -0.014 0.688
210528 0000 -0.043 -0.014 0.688
210529 0000 -0.027 -0.001 0.635
210530 0000 -0.027 -0.001 0.635
210531 0000 -0.027 -0.001 0.635
210601 0000 -0.026 -0.002 0.635
210602 0000 -0.026 -0.002 0.635
210603 0000 -0.026 -0.002 0.635
210604 0000 -0.026 -0.002 0.635
210605 0000 -0.026 -0.002 0.635
210606 0000 -0.026 -0.002 0.635
210607 0000 -0.026 -0.002 0.635
210608 0000 -0.026 -0.002 0.635
210609 0000 -0.026 -0.002 0.635
210610 0000 -0.026 -0.002 0.635
210611 0000 -0.026 -0.002 0.635
210612 0000 -0.027 -0.002 0.637
210613 0000 -0.027 -0.002 0.637
210614 0000 -0.027 -0.002 0.637
210615 0000 -0.027 -0.002 0.637
210616 0000 -0.027 -0.002 0.637
210617 0000 -0.027 -0.002 0.637
210618 0000 -0.027 -0.002 0.637
210619 0000 -0.027 -0.002 0.637
210620 0000 -0.027 -0.002 0.637
210621 0000 -0.027 -0.002 0.637
210622 0000 -0.027 -0.002 0.637
210623 0000 -0.027 -0.002 0.637
210624 0000 -0.027 -0.002 0.637
210625 0000 -0.027 -0.002 0.637
210626 0000 -0.027 -0.002 0.637
210627 0000 -0.027 -0.002 0.637
210628 0000 -0.027 -0.002 0.637
