737791 9.58 100.00 996.57
737792 9.21 100.00 995.81
737793 8.92 100.00 990.94
737794 9.01 100.00 986.85
737795 9.35 100.00 986.99
737796 9.15 100.00 997.85
737797 8.81 100.00 989.91
737798 8.74 100.00 994.40
737799 9.18 100.00 991.64
737800 9.11 100.00 983.76
737801 8.97 100.00 989.29
737802 8.87 100.00 995.25
737803 8.75 100.00 989.89
737804 8.74 100.00 985.63
737805 8.60 100.00 988.65
737806 8.53 100.00 992.04
737807 8.78 100.00 993.08
737808 8.50 100.00 987.12
737809 8.68 100.00 989.04
737810 8.78 100.00 1002.00
737811 8.52 100.00 1008.37
737812 8.66 100.00 999.51
737813 8.75 100.00 997.31
737814 8.64 100.00 988.94
737815 8.21 100.00 986.56
737816 8.16 100.00 985.90
737817 8.25 100.00 983.23
737818 8.47 100.00 972.44
737819 8.67 100.00 968.85
737820 8.56 100.00 978.52
737821 8.60 100.00 974.43
737822 9.17 100.00 977.01
737823 9.19 100.00 975.55
737824 9.40 100.00 975.27
737825 9.41 100.00 975.07
737826 8.70 100.00 973.70
737827 8.40 100.00 993.86
737828 8.32 100.00 990.96
737829 8.16 100.00 992.26
737830 7.98 100.00 989.40
737831 8.66 100.00 974.29
737832 8.85 100.00 967.96
737833 8.73 100.00 976.36
737834 8.61 100.00 984.87
737835 9.06 100.00 972.81
737836 9.05 100.00 990.02
737837 9.02 100.00 988.25
737838 9.14 100.00 980.80
737839 9.18 100.00 983.93
737840 8.79 100.00 988.82
737841 9.00 100.00 986.36
737842 9.13 100.00 981.91
737843 8.72 100.00 993.16
737844 9.20 100.00 986.50
737845 9.46 100.00 974.29
737846 9.03 100.00 974.82
737847 9.43 100.00 963.38
737848 9.03 100.00 968.21
737849 8.97 100.00 962.37
737850 8.49 100.00 981.76
737851 8.83 100.00 967.32
737852 9.31 100.00 961.07
737853 9.48 100.00 959.14
737854 9.18 100.00 972.61
737855 8.83 100.00 976.49
737856 9.20 100.00 959.82
737857 9.20 100.00 969.28
737858 9.14 100.00 984.46
737859 8.98 100.00 978.83
737860 9.31 100.00 980.51
737861 9.38 100.00 976.14
737862 9.50 100.00 981.38
737863 9.62 100.00 977.09
737864 9.24 100.00 985.07
737865 9.07 100.00 990.16
737866 8.98 100.00 986.89
737867 9.17 100.00 989.42
737868 9.50 100.00 993.13
737869 9.51 100.00 989.94
737870 9.58 100.00 986.20
737871 9.73 100.00 979.77
737872 9.28 100.00 989.62
737873 8.62 100.00 995.69
737874 8.72 100.00 994.44
737875 8.58 100.00 992.26
737876 8.63 100.00 989.05
737877 8.73 100.00 985.01
737878 8.92 100.00 981.42
737879 9.27 100.00 977.36
737880 8.84 100.00 982.70
737881 8.59 100.00 988.16
737882 8.61 100.00 988.63
737883 8.65 100.00 979.75
737884 8.84 100.00 974.05
737885 8.88 100.00 984.06
737886 8.90 100.00 991.34
737887 9.07 100.00 991.08
737888 9.35 100.00 993.88
737889 9.39 100.00 993.50
737890 9.42 100.00 986.48
737891 9.60 100.00 986.30
737892 9.61 100.00 986.07
737893 9.61 100.00 986.76
737894 9.70 100.00 976.60
737895 9.63 100.00 979.39
737896 9.42 100.00 988.47
737897 9.55 100.00 986.15
737898 9.77 100.00 979.02
737899 9.79 100.00 978.82
737900 9.82 100.00 977.66
737901 9.84 100.00 983.95
737902 9.74 100.00 983.87
737903 9.73 100.00 985.66
737904 9.77 100.00 984.69
737905 9.83 100.00 980.64
737906 9.91 100.00 971.30
737907 9.93 100.00 975.81
737908 9.95 100.00 976.03
737909 9.98 100.00 973.04
737910 10.02 100.00 967.65
737911 10.05 100.00 973.32
737912 10.07 100.00 969.30
737913 10.12 100.00 970.18
737914 10.17 100.00 976.65
737915 10.16 100.00 982.55
737916 10.18 100.00 977.89
737917 10.18 100.00 983.07
737918 10.20 100.00 984.74
737919 10.20 100.00 985.99
737920 10.21 100.00 979.34
737921 10.22 100.00 973.68
737922 10.23 100.00 968.52
737923 10.40 100.00 970.28
737924 10.34 100.00 977.69
737925 10.35 100.00 970.35
737926 10.37 100.00 977.66
737927 10.33 100.00 985.08
737928 10.38 100.00 981.56
737929 10.41 100.00 985.81
737930 10.36 100.00 983.65
737931 10.36 100.00 980.72
737932 10.40 100.00 984.02
737933 10.45 100.00 987.66
737934 10.43 100.00 987.53
737935 10.50 100.00 986.68
737936 10.48 100.00 990.28
737937 10.55 100.00 992.10
737938 10.56 100.00 995.35
737939 10.55 100.00 991.11
737940 10.55 100.00 988.41
737941 10.58 100.00 985.21
737942 10.58 100.00 982.09
737943 10.59 100.00 982.19
737944 10.60 100.00 982.06
737945 10.59 100.00 975.59
737946 10.61 100.00 966.39
737947 10.60 100.00 961.06
737948 10.65 100.00 971.13
737949 10.64 100.00 971.23
737950 10.66 100.00 974.86
737951 10.66 100.00 976.88
737952 10.73 100.00 975.29
737953 10.72 100.00 973.78
737954 10.72 100.00 973.85
737955 10.70 100.00 973.56
737956 10.70 100.00 972.19
737957 10.73 100.00 975.54
737958 10.72 100.00 977.84
737959 10.72 100.00 975.89
737960 10.73 100.00 972.78
737961 10.77 100.00 976.61
737962 10.77 100.00 979.93
737963 10.82 100.00 979.44
737964 10.81 100.00 980.79
737965 10.80 100.00 983.84
737966 10.84 100.00 986.38
737967 10.83 100.00 985.65
737968 10.82 100.00 982.30
737969 10.83 100.00 978.09
737970 10.83 100.00 978.59
737971 10.81 100.00 976.18
737972 10.90 100.00 977.62
737973 10.89 100.00 976.71
737974 10.90 100.00 974.55
737975 10.97 100.00 976.19
737976 10.99 100.00 982.46
737977 11.02 100.00 981.60
737978 10.98 100.00 977.86
737979 11.01 100.00 979.50
737980 11.05 100.00 982.11
737981 11.01 100.00 982.67
737982 11.01 100.00 978.85
737983 11.02 100.00 979.31
737984 11.09 100.00 986.62
737985 11.11 100.00 988.45
737986 11.07 100.00 983.60
737987 11.09 100.00 977.45
737988 11.08 100.00 977.62
737989 11.07 100.00 979.79
737990 11.10 100.00 981.15
737991 11.09 100.00 980.37
737992 11.08 100.00 979.15
737993 11.09 100.00 981.92
737994 11.08 100.00 982.72
737995 11.15 100.00 980.05
737996 11.12 100.00 977.04
737997 11.13 100.00 975.99
737998 11.12 100.00 978.03
737999 11.13 100.00 981.12
738000 11.13 100.00 977.49
738001 11.18 100.00 978.32
738002 11.16 100.00 982.43
738003 11.16 100.00 981.18
738004 11.16 100.00 980.09
738005 11.16 100.00 978.41
738006 11.16 100.00 974.93
738007 11.23 100.00 968.43
738008 11.20 100.00 979.61
738009 11.20 100.00 982.40
738010 11.21 100.00 984.67
738011 11.20 100.00 984.12
738012 11.19 100.00 982.14
738013 11.19 100.00 980.08
738014 11.20 100.00 980.29
738015 11.19 100.00 981.63
738016 11.18 100.00 980.35
738017 11.21 100.00 978.23
738018 11.28 100.00 977.12
738019 11.23 100.00 977.32
738020 11.27 100.00 975.40
738021 11.34 100.00 973.88
738022 11.32 100.00 973.73
738023 11.33 100.00 975.49
738024 11.33 100.00 979.39
738025 11.33 100.00 979.29
738026 11.33 100.00 980.98
738027 11.34 100.00 980.34
738028 11.35 100.00 979.65
738029 11.35 100.00 976.63
738030 11.33 100.00 978.97
738031 11.35 100.00 977.56
738032 11.37 100.00 970.05
738033 11.52 100.00 971.06
738034 11.51 100.00 974.91
738035 11.51 100.00 975.38
738036 11.60 100.00 979.32
738037 11.52 100.00 984.02
738038 11.57 100.00 988.53
738039 11.46 100.00 985.39
738040 11.41 100.00 980.09
738041 11.51 100.00 982.14
738042 11.53 100.00 990.37
738043 11.51 100.00 990.56
738044 11.48 100.00 982.88
738045 11.47 100.00 981.93
738046 11.46 100.00 982.16
738047 11.47 100.00 986.71
738048 11.46 100.00 991.92
738049 11.46 100.00 990.25
738050 11.46 100.00 985.00
738051 11.45 100.00 980.85
738052 11.56 100.00 989.12
738053 11.59 100.00 988.65
738054 11.57 100.00 981.87
738055 11.55 100.00 980.47
738056 11.53 100.00 980.22
738057 11.51 100.00 973.94
738058 11.55 100.00 972.75
738059 11.59 100.00 967.61
738060 11.65 100.00 960.22
738061 11.63 100.00 966.57
738062 11.62 100.00 972.57
738063 11.66 100.00 976.43
738064 11.60 100.00 979.35
738065 11.60 100.00 973.73
738066 11.64 100.00 968.25
738067 11.71 100.00 963.71
738068 11.70 100.00 961.06
738069 11.71 100.00 970.50
738070 11.74 100.00 975.16
738071 11.69 100.00 971.56
738072 11.69 100.00 981.60
738073 11.73 100.00 985.02
738074 11.70 100.00 982.20
738075 11.70 100.00 982.58
738076 11.64 100.00 979.69
738077 11.73 100.00 1141.37
738078 12.30 100.00 1135.43
738079 12.04 100.00 994.33
738080 12.00 100.00 985.65
738081 11.73 100.00 981.45
738082 11.67 100.00 986.26
738083 11.49 100.00 991.79
738084 11.51 100.00 991.05
738085 11.61 100.00 982.36
738086 11.51 100.00 983.35
738087 11.63 100.00 981.84
738088 11.68 100.00 978.68
738089 11.67 100.00 979.94
738090 11.63 100.00 972.50
738091 11.60 100.00 972.71
738092 11.60 100.00 979.61
738093 11.57 100.00 982.37
738094 11.57 100.00 987.53
738095 11.57 100.00 987.41
738096 11.58 100.00 987.42
738097 11.60 100.00 985.24
738098 11.55 100.00 985.49
738099 11.55 100.00 987.71
738100 11.65 100.00 998.59
738101 11.41 100.00 1001.94
738102 11.32 100.00 996.64
738103 11.34 100.00 990.11
738104 11.19 100.00 991.32
738105 11.23 100.00 992.38
738106 11.17 100.00 993.06
738107 11.01 100.00 989.43
738108 10.92 100.00 989.17
738109 10.93 100.00 988.24
738110 10.98 100.00 987.26
738111 10.88 100.00 979.09
738112 10.97 100.00 988.31
738113 10.85 100.00 994.08
738114 10.97 100.00 988.53
738115 10.95 100.00 989.03
738116 10.70 100.00 997.62
738117 10.41 100.00 994.41
738118 10.23 100.00 990.08
738119 10.56 100.00 994.01
738120 10.31 100.00 986.56
738121 10.18 100.00 986.68
738122 10.06 100.00 986.40
738123 10.01 100.00 984.51
738124 9.93 100.00 985.21
738125 9.83 100.00 987.25
738126 9.71 100.00 984.96
738127 9.41 100.00 984.62
738128 9.46 100.00 977.94
738129 9.61 100.00 965.73
738130 9.61 100.00 967.01
738131 9.88 100.00 970.16
738132 10.02 100.00 965.88
738133 9.91 100.00 970.22
738134 9.90 100.00 972.13
738135 9.87 100.00 970.85
738136 9.78 100.00 970.93
738137 9.62 100.00 963.69
738138 9.59 100.00 971.17
738139 9.56 100.00 979.24
738140 9.50 100.00 981.21
738141 9.45 100.00 983.96
738142 9.51 100.00 986.86
738143 9.39 100.00 990.74
738144 9.52 100.00 990.13
738145 9.43 100.00 988.69
738146 9.23 100.00 989.55
738147 9.23 100.00 986.20
738148 9.73 100.00 983.40
738149 9.93 100.00 976.36
738150 9.82 100.00 973.80
738151 9.17 100.00 982.46
738152 9.11 100.00 984.64
738153 9.02 100.00 959.27
738154 9.33 100.00 949.29
738155 9.47 100.00 964.07
738156 9.25 100.00 971.63
738157 9.04 100.00 970.40
738158 8.80 100.00 975.42
738159 9.28 100.00 973.56
738160 9.24 100.00 975.39
738161 9.21 100.00 973.94
738162 9.17 100.00 973.94
738163 8.96 100.00 974.56
738164 8.84 100.00 977.64
738165 8.70 100.00 981.40
738166 8.70 100.00 985.55
738167 8.56 100.00 985.33
738168 8.29 100.00 982.31
738169 8.48 100.00 972.93
738170 8.70 100.00 971.38
738171 8.54 100.00 979.88
738172 8.50 100.00 984.19
738173 8.23 100.00 980.33
738174 8.12 100.00 984.93
738175 8.30 100.00 985.30
738176 8.51 100.00 977.22
738177 8.68 100.00 970.50
738178 8.93 100.00 967.16
738179 9.24 100.00 960.06
738180 8.93 100.00 960.11
738181 8.84 100.00 963.39
738182 8.57 100.00 972.47
738183 8.48 100.00 978.97
738184 8.34 100.00 977.19
738185 8.82 100.00 965.20
738186 9.10 100.00 963.09
738187 8.71 100.00 966.09
738188 8.62 100.00 965.31
738189 8.27 100.00 968.77
738190 8.64 100.00 972.05
738191 8.94 100.00 970.69
738192 8.28 100.00 981.40
738193 8.81 100.00 976.57
738194 8.98 100.00 970.24
738195 8.84 100.00 957.54
738196 8.62 100.00 963.24
738197 8.66 100.00 968.72
738198 7.67 100.00 973.62
738199 7.48 100.00 990.89
738200 7.76 100.00 996.23
738201 8.07 100.00 1000.17
738202 7.36 100.00 1001.72
738203 8.00 100.00 991.04
738204 8.12 100.00 981.03
738205 8.50 100.00 984.66
738206 8.45 100.00 981.70
738207 8.52 100.00 985.32
738208 8.52 100.00 986.63
738209 8.73 100.00 985.29
738210 8.40 100.00 993.51
738211 8.76 100.00 1000.28
738212 8.93 100.00 995.30
738213 8.96 100.00 996.81
738214 8.64 100.00 996.19
738215 8.84 100.00 999.16
738216 8.54 100.00 995.59
738217 8.48 100.00 998.07
738218 8.55 100.00 995.43
738219 8.90 100.00 987.29
738220 8.98 100.00 983.25
738221 8.39 100.00 993.38
738222 8.25 100.00 991.53
738223 8.31 100.00 980.85
738224 8.42 100.00 985.07
738225 8.28 100.00 982.48
738226 8.32 100.00 983.36
738227 8.72 100.00 972.24
738228 8.81 100.00 976.00
738229 8.96 100.00 969.86
738230 8.79 100.00 974.02
738231 8.81 100.00 973.68
738232 8.72 100.00 980.11
738233 8.74 100.00 982.60
738234 8.30 100.00 980.18
738235 8.33 100.00 983.14
738236 7.84 100.00 987.43
738237 8.42 100.00 976.61
738238 8.34 100.00 985.00
738239 8.51 100.00 987.29
738240 8.40 100.00 986.78
738241 8.54 100.00 985.17
738242 8.94 100.00 986.78
738243 8.96 100.00 995.05
738244 8.82 100.00 994.45
738245 9.22 100.00 997.58
738246 9.28 100.00 994.48
738247 9.35 100.00 985.73
738248 9.41 100.00 980.52
738249 9.10 100.00 977.63
738250 9.06 100.00 984.01
738251 8.93 100.00 979.19
738252 8.86 100.00 970.64
738253 8.89 100.00 971.69
738254 8.80 100.00 980.93
738255 8.73 100.00 989.07
738256 9.21 100.00 979.86
738257 9.27 100.00 977.48
738258 9.41 100.00 976.93
738259 9.10 100.00 988.82
738260 9.12 100.00 985.89
738261 9.06 100.00 986.41
738262 8.97 100.00 985.10
738263 9.10 100.00 983.69
738264 9.14 100.00 982.12
738265 9.19 100.00 981.09
738266 9.24 100.00 978.62
738267 9.21 100.00 979.66
738268 9.29 100.00 982.62
738269 9.32 100.00 990.57
738270 9.30 100.00 990.38
738271 9.38 100.00 985.09
738272 9.28 100.00 984.63
738273 9.22 100.00 976.86
738274 9.35 100.00 973.59
738275 9.59 100.00 968.64
738276 9.67 100.00 976.33
738277 9.73 100.00 975.80
738278 9.81 100.00 969.17
738279 9.79 100.00 984.87
738280 9.73 100.00 985.58
738281 9.81 100.00 973.07
738282 9.83 100.00 980.05
738283 9.80 100.00 970.81
738284 9.78 100.00 987.72
738285 9.83 100.00 981.90
738286 9.93 100.00 979.72
738287 9.94 100.00 978.20
738288 9.96 100.00 973.84
738289 10.00 100.00 972.38
738290 10.07 100.00 972.25
738291 10.08 100.00 977.49
738292 10.13 100.00 972.25
738293 10.10 100.00 971.20
738294 10.18 100.00 976.99
738295 10.17 100.00 980.32
738296 10.20 100.00 982.03
738297 10.20 100.00 986.75
738298 10.20 100.00 977.08
738299 10.20 100.00 980.86
738300 10.22 100.00 989.02
738301 10.22 100.00 980.23
738302 10.18 100.00 988.54
738303 10.23 100.00 983.14
738304 10.24 100.00 986.56
738305 10.31 100.00 987.62
738306 10.34 100.00 989.27
738307 10.37 100.00 990.00
738308 10.34 100.00 986.87
738309 10.32 100.00 986.30
738310 10.33 100.00 989.62
738311 10.34 100.00 991.14
738312 10.36 100.00 988.41
738313 10.38 100.00 985.95
738314 10.45 100.00 986.60
738315 10.44 100.00 985.40
738316 10.42 100.00 985.09
738317 10.44 100.00 985.93
738318 10.49 100.00 984.72
738319 10.51 100.00 984.50
738320 10.58 100.00 984.69
738321 10.63 100.00 990.88
738322 10.64 100.00 986.95
738323 10.58 100.00 984.00
738324 10.59 100.00 983.88
738325 10.59 100.00 984.16
738326 10.59 100.00 982.19
738327 10.60 100.00 980.33
738328 10.61 100.00 975.21
738329 10.62 100.00 973.96
738330 10.63 100.00 980.48
738331 10.61 100.00 982.52
738332 10.62 100.00 981.33
738333 10.62 100.00 984.90
738334 10.62 100.00 984.98
738335 10.63 100.00 982.96
