date dx dy dz
190101 0000 0.000 0.000 0.000
190102 0000 0.000 0.000 -0.001
190103 0000 -0.000 0.002 -0.001
190106 0000 -0.001 -0.001 -0.001
190107 0000 -0.001 0.001 -0.000
190108 0000 -0.000 0.001 -0.001
190109 0000 -0.000 0.001 -0.004
190112 0000 -0.001 0.000 -0.001
190113 0000 -0.001 0.001 -0.001
190114 0000 -0.001 0.001 -0.001
190115 0000 -0.001 0.001 0.000
190116 0000 0.001 0.000 -0.003
190117 0000 0.002 -0.005 -0.003
190118 0000 -0.001 0.000 -0.002
190119 0000 -0.000 -0.002 -0.004
190120 0000 -0.000 0.000 -0.005
190121 0000 -0.001 0.000 -0.004
190122 0000 0.001 -0.002 -0.002
190123 0000 -0.000 -0.002 -0.002
190124 0000 0.000 -0.000 -0.004
190125 0000 0.001 -0.002 -0.004
190126 0000 0.000 0.001 -0.005
190127 0000 0.000 -0.002 -0.004
190128 0000 0.000 -0.000 -0.005
190129 0000 -0.000 0.001 -0.004
190130 0000 0.001 -0.003 -0.005
190131 0000 0.000 -0.000 -0.004
190201 0000 0.000 -0.002 -0.004
190202 0000 0.001 -0.003 -0.003
190203 0000 0.000 -0.002 -0.002
190204 0000 0.001 -0.007 0.004
190205 0000 0.002 -0.007 -0.003
190206 0000 0.001 -0.006 -0.003
190207 0000 0.001 -0.006 -0.003
190208 0000 0.002 -0.007 -0.003
190209 0000 0.001 -0.004 -0.004
190210 0000 0.001 -0.003 -0.004
190211 0000 0.000 -0.002 -0.002
190212 0000 0.001 -0.003 -0.004
190213 0000 0.001 -0.003 -0.004
190214 0000 0.001 -0.003 -0.003
190215 0000 0.002 -0.006 -0.005
190216 0000 0.001 -0.003 -0.005
190217 0000 0.001 -0.004 -0.004
190218 0000 0.001 -0.003 -0.004
190219 0000 0.001 -0.003 -0.004
190220 0000 0.001 -0.003 -0.003
190221 0000 0.001 -0.003 -0.005
190222 0000 0.000 -0.003 -0.000
190223 0000 0.001 -0.003 -0.004
190224 0000 0.001 -0.003 -0.004
190225 0000 0.001 -0.003 -0.003
190226 0000 0.001 -0.005 -0.004
190227 0000 0.001 -0.005 -0.004
190228 0000 0.000 -0.004 -0.003
190301 0000 0.000 -0.004 -0.003
190302 0000 -0.000 -0.002 -0.004
190303 0000 -0.000 -0.003 -0.002
190304 0000 0.000 -0.003 -0.004
190305 0000 -0.000 -0.002 -0.004
190306 0000 0.001 -0.005 -0.005
190307 0000 -0.000 -0.002 -0.004
190308 0000 -0.000 -0.001 -0.004
190309 0000 0.001 -0.003 -0.004
190310 0000 -0.000 -0.001 -0.004
190311 0000 -0.000 -0.002 -0.004
190312 0000 0.000 -0.004 -0.003
190313 0000 0.000 -0.004 -0.003
190314 0000 -0.000 -0.001 -0.004
190315 0000 -0.000 -0.002 -0.004
190316 0000 -0.000 -0.001 -0.004
190317 0000 -0.000 -0.001 -0.005
190318 0000 0.000 -0.002 -0.005
190319 0000 -0.000 -0.001 -0.004
190320 0000 0.000 -0.002 -0.005
190321 0000 -0.001 -0.002 0.002
190322 0000 -0.001 -0.001 -0.003
190323 0000 -0.000 -0.002 -0.003
190324 0000 0.000 -0.002 -0.005
190325 0000 0.000 -0.002 -0.005
190326 0000 0.000 -0.003 -0.004
190327 0000 -0.000 -0.001 -0.005
190328 0000 -0.000 -0.002 -0.004
190329 0000 -0.000 -0.002 -0.002
190330 0000 0.000 -0.003 -0.003
190331 0000 -0.000 -0.002 -0.004
190401 0000 0.000 -0.002 -0.005
190402 0000 0.001 -0.004 -0.004
190403 0000 0.002 -0.006 -0.004
190404 0000 0.001 -0.003 -0.005
190405 0000 0.000 -0.003 -0.004
190406 0000 0.000 -0.003 -0.002
190407 0000 0.001 -0.004 -0.002
190408 0000 -0.000 -0.000 -0.000
190409 0000 -0.000 -0.000 -0.003
190410 0000 0.000 -0.000 -0.004
190411 0000 0.001 -0.004 -0.003
190412 0000 0.001 -0.003 -0.004
190413 0000 0.001 -0.006 -0.003
190414 0000 -0.000 -0.002 -0.003
190415 0000 0.001 -0.005 -0.003
190416 0000 -0.001 -0.004 -0.004
190417 0000 0.002 -0.005 -0.005
190418 0000 0.002 -0.006 -0.004
190419 0000 -0.000 -0.002 -0.003
190420 0000 -0.001 -0.002 -0.000
190421 0000 -0.000 -0.001 -0.004
190422 0000 -0.000 -0.002 -0.003
190423 0000 -0.000 -0.002 -0.004
190424 0000 -0.001 -0.002 0.001
190425 0000 -0.000 -0.003 0.001
190426 0000 0.001 -0.003 -0.004
190427 0000 0.000 -0.003 -0.002
190428 0000 -0.001 -0.003 -0.002
190429 0000 -0.001 -0.003 -0.002
190430 0000 -0.000 -0.003 -0.006
190501 0000 -0.001 -0.003 -0.001
190502 0000 -0.001 -0.002 -0.005
190503 0000 0.001 -0.003 -0.003
190504 0000 0.000 -0.003 -0.002
190505 0000 -0.001 -0.003 -0.004
190506 0000 -0.001 -0.003 -0.001
190507 0000 -0.001 -0.003 -0.004
190508 0000 -0.001 -0.003 -0.002
190509 0000 -0.001 -0.003 -0.001
190510 0000 0.000 -0.003 0.001
190511 0000 -0.000 -0.002 -0.000
190512 0000 -0.000 -0.003 -0.006
190513 0000 -0.000 -0.003 -0.006
190514 0000 -0.001 -0.003 -0.001
190515 0000 -0.000 -0.004 -0.002
190516 0000 -0.000 -0.004 -0.004
190517 0000 -0.000 -0.003 -0.005
190518 0000 0.000 -0.003 0.001
190519 0000 0.000 -0.003 -0.002
190520 0000 0.000 -0.002 -0.003
190521 0000 0.000 -0.003 -0.000
190522 0000 -0.000 -0.002 -0.000
190523 0000 0.001 -0.003 -0.003
190524 0000 0.000 -0.003 -0.002
190525 0000 0.000 -0.003 -0.002
190526 0000 -0.001 -0.002 -0.004
190527 0000 -0.000 -0.002 -0.000
190528 0000 -0.000 -0.002 -0.000
190529 0000 0.000 -0.002 -0.003
190530 0000 0.000 -0.001 -0.000
190531 0000 -0.001 -0.002 -0.001
190601 0000 0.001 -0.001 -0.003
190602 0000 0.000 -0.001 0.001
190603 0000 0.000 -0.001 -0.002
190604 0000 0.000 -0.001 -0.000
190605 0000 0.000 -0.002 0.001
190606 0000 0.001 -0.002 -0.000
190607 0000 -0.000 -0.000 -0.000
190608 0000 0.000 -0.001 -0.000
190609 0000 0.001 -0.001 -0.002
190610 0000 0.001 -0.001 -0.002
190611 0000 0.000 0.000 -0.000
190612 0000 0.001 -0.002 -0.000
190613 0000 0.000 0.000 -0.002
190614 0000 0.001 0.002 -0.002
190615 0000 0.001 -0.000 0.002
190616 0000 0.000 -0.000 0.003
190617 0000 0.002 -0.004 0.002
190618 0000 0.002 -0.001 -0.000
190619 0000 0.001 0.000 0.001
190620 0000 0.003 -0.002 -0.004
190621 0000 0.002 -0.001 -0.005
190622 0000 0.003 -0.003 -0.005
190623 0000 0.002 -0.004 -0.004
190624 0000 0.002 -0.002 -0.005
190625 0000 -0.000 -0.002 -0.001
190626 0000 -0.001 -0.001 -0.004
190627 0000 0.002 -0.007 -0.013
190628 0000 0.005 -0.006 -0.012
190629 0000 0.004 -0.006 -0.005
190630 0000 0.004 -0.005 -0.005
190701 0000 0.005 -0.005 -0.013
190702 0000 0.005 -0.006 -0.015
190703 0000 0.006 -0.005 -0.018
190704 0000 0.006 -0.009 -0.015
190705 0000 0.006 -0.008 -0.015
190706 0000 0.005 -0.008 -0.014
190707 0000 0.006 -0.008 -0.018
190708 0000 0.006 -0.009 -0.018
190709 0000 0.005 -0.006 -0.013
190710 0000 0.071 -0.094 -0.017
190711 0000 0.004 -0.024 -0.011
190712 0000 0.020 -0.252 -0.005
190713 0000 0.011 -0.256 -0.019
190714 0000 0.040 -0.230 -0.019
190715 0000 0.017 -0.249 -0.017
190716 0000 0.028 -0.243 -0.017
190717 0000 0.020 -0.247 -0.010
190718 0000 0.017 -0.049 -0.024
190719 0000 0.016 -0.056 -0.021
190720 0000 0.008 -0.026 -0.019
190721 0000 0.016 -0.056 -0.017
190722 0000 0.025 -0.083 -0.029
190723 0000 0.016 -0.050 -0.029
190724 0000 0.031 -0.105 -0.029
190725 0000 0.032 -0.105 -0.032
190726 0000 NaN -0.093 NaN
190727 0000 NaN -0.109 NaN
190728 0000 NaN -0.105 NaN
190729 0000 NaN -0.061 NaN
190730 0000 NaN -0.087 NaN
190731 0000 NaN NaN NaN
190801 0000 NaN NaN NaN
190802 0000 NaN NaN NaN
190803 0000 NaN NaN NaN
190804 0000 NaN NaN NaN
190805 0000 NaN NaN NaN
190912 0000 0.002 -0.027 -0.006
190913 0000 0.002 -0.027 -0.006
190914 0000 0.001 -0.025 -0.007
190915 0000 0.002 -0.027 -0.004
190916 0000 0.005 -0.027 -0.017
190917 0000 0.001 -0.025 -0.006
190918 0000 -0.001 -0.025 -0.012
190919 0000 0.003 -0.028 -0.007
190920 0000 0.002 -0.027 -0.006
190921 0000 0.002 -0.027 -0.008
190922 0000 0.003 -0.027 -0.007
190923 0000 0.003 -0.027 -0.010
190924 0000 0.001 -0.024 -0.006
190925 0000 0.003 -0.028 -0.008
190926 0000 0.002 -0.026 -0.007
190927 0000 0.003 -0.027 -0.007
190928 0000 0.002 -0.027 -0.006
190929 0000 0.003 -0.028 -0.007
190930 0000 0.002 -0.027 -0.006
191001 0000 0.003 -0.027 -0.007
191002 0000 0.002 -0.027 -0.006
191003 0000 0.002 -0.026 -0.007
191004 0000 0.002 -0.027 -0.006
191005 0000 0.002 -0.027 -0.006
191006 0000 0.001 -0.024 -0.006
191007 0000 0.002 -0.027 -0.006
191008 0000 0.002 -0.027 -0.006
191009 0000 0.002 -0.027 -0.006
191010 0000 0.002 -0.026 -0.006
191011 0000 0.003 -0.026 -0.011
191012 0000 0.002 -0.026 -0.008
191013 0000 0.002 -0.026 -0.007
191014 0000 0.017 -0.075 -0.010
191015 0000 0.002 -0.025 -0.010
191016 0000 0.016 -0.069 -0.010
191017 0000 0.002 -0.025 -0.010
191018 0000 0.002 -0.022 -0.010
191019 0000 0.002 -0.025 -0.010
191020 0000 0.001 -0.022 -0.008
191021 0000 0.004 -0.029 -0.009
191022 0000 0.002 -0.025 -0.008
191023 0000 0.002 -0.025 -0.006
191024 0000 0.002 -0.025 -0.008
191025 0000 0.002 -0.025 -0.008
191026 0000 0.002 -0.025 -0.008
191027 0000 0.002 -0.025 -0.008
191028 0000 0.002 -0.025 -0.008
191029 0000 0.003 -0.028 -0.006
191030 0000 0.002 -0.025 -0.008
191031 0000 0.003 -0.026 -0.010
191101 0000 0.001 -0.020 -0.008
191102 0000 0.002 -0.023 -0.008
191103 0000 0.001 -0.019 -0.009
191104 0000 0.002 -0.025 -0.008
191105 0000 0.003 -0.026 -0.010
191106 0000 0.002 -0.022 -0.010
191107 0000 0.003 -0.026 -0.009
191108 0000 0.001 -0.019 -0.010
191109 0000 0.001 -0.020 -0.010
191110 0000 0.001 -0.020 -0.007
191111 0000 0.000 -0.021 -0.004
191112 0000 0.001 -0.019 -0.009
191113 0000 0.001 -0.020 -0.009
191114 0000 0.000 -0.019 -0.004
191115 0000 -0.000 -0.019 -0.004
191116 0000 -0.000 -0.019 -0.004
191117 0000 0.001 -0.019 -0.013
191118 0000 0.000 -0.019 -0.006
191119 0000 0.001 -0.021 -0.008
191120 0000 0.001 -0.019 -0.008
191121 0000 0.000 -0.019 -0.006
191122 0000 0.002 -0.021 -0.013
191123 0000 0.001 -0.019 -0.008
191124 0000 0.001 -0.019 -0.008
191125 0000 0.000 -0.019 -0.006
191126 0000 0.000 -0.019 -0.006
191127 0000 0.000 -0.019 -0.007
191128 0000 0.000 -0.021 -0.004
191129 0000 -0.001 -0.020 -0.004
191130 0000 -0.001 -0.020 -0.004
191201 0000 0.001 -0.021 -0.009
191202 0000 0.000 -0.021 -0.007
191203 0000 -0.000 -0.020 -0.007
191204 0000 0.000 -0.020 -0.008
191205 0000 -0.000 -0.020 -0.006
191206 0000 0.001 -0.020 -0.011
191207 0000 0.000 -0.020 -0.010
191208 0000 0.001 -0.021 -0.013
191209 0000 0.001 -0.020 -0.013
191210 0000 -0.000 -0.021 -0.007
191211 0000 -0.000 -0.020 -0.007
191212 0000 0.000 -0.020 -0.010
191213 0000 0.001 -0.021 -0.011
191214 0000 0.000 -0.022 -0.011
191215 0000 -0.000 -0.022 -0.009
191216 0000 0.000 -0.022 -0.010
191217 0000 -0.001 -0.022 -0.006
191218 0000 -0.001 -0.021 -0.008
191219 0000 -0.001 -0.021 -0.006
191220 0000 -0.003 -0.022 -0.005
191221 0000 -0.002 -0.021 -0.010
191222 0000 -0.004 -0.021 -0.007
191223 0000 -0.002 -0.021 -0.010
191225 0000 -0.002 -0.021 -0.011
191226 0000 -0.000 -0.022 -0.009
191227 0000 -0.002 -0.021 -0.010
191228 0000 -0.000 -0.022 -0.009
191229 0000 -0.000 -0.022 -0.009
191231 0000 0.000 -0.023 -0.011
200101 0000 -0.000 -0.022 -0.011
200102 0000 -0.000 -0.022 -0.009
200103 0000 -0.001 -0.022 -0.007
200104 0000 -0.001 -0.022 -0.007
200105 0000 -0.001 -0.022 -0.007
200106 0000 -0.001 -0.022 -0.007
200107 0000 -0.001 -0.022 -0.008
200108 0000 -0.000 -0.022 -0.009
200109 0000 0.000 -0.022 -0.013
200110 0000 -0.001 -0.022 -0.008
200111 0000 -0.001 -0.021 -0.007
200112 0000 -0.002 -0.022 -0.006
200113 0000 -0.002 -0.022 -0.006
200114 0000 -0.001 -0.022 -0.008
200115 0000 -0.002 -0.022 -0.004
200116 0000 -0.000 -0.022 -0.008
200117 0000 -0.001 -0.023 -0.011
200118 0000 -0.001 -0.023 -0.009
200119 0000 0.000 -0.023 -0.010
200120 0000 -0.001 -0.023 -0.009
200121 0000 0.000 -0.023 -0.010
200122 0000 -0.000 -0.022 -0.010
200123 0000 0.000 -0.023 -0.010
200124 0000 0.000 -0.025 -0.010
200125 0000 0.000 -0.025 -0.010
200126 0000 0.000 -0.023 -0.010
200127 0000 0.000 -0.025 -0.010
200128 0000 -0.000 -0.025 -0.008
200129 0000 -0.003 -0.023 -0.004
200130 0000 -0.001 -0.023 -0.010
200131 0000 -0.001 -0.023 -0.010
200201 0000 -0.002 -0.023 -0.009
200202 0000 -0.001 -0.023 -0.010
200203 0000 -0.001 -0.023 -0.010
200204 0000 -0.001 -0.023 -0.008
200205 0000 -0.001 -0.023 -0.010
200206 0000 0.001 -0.024 -0.008
200207 0000 0.001 -0.022 -0.010
200208 0000 -0.001 -0.022 -0.010
200209 0000 -0.001 -0.022 -0.008
200210 0000 -0.002 -0.022 -0.010
200211 0000 -0.003 -0.022 -0.007
200212 0000 -0.003 -0.020 -0.009
200213 0000 -0.003 -0.022 -0.007
200214 0000 -0.002 -0.022 -0.010
200215 0000 -0.002 -0.024 -0.007
200216 0000 -0.002 -0.024 -0.007
200217 0000 -0.002 -0.024 -0.007
200218 0000 -0.002 -0.023 -0.009
200219 0000 -0.001 -0.024 -0.010
200220 0000 -0.001 -0.024 -0.010
200221 0000 -0.000 -0.024 -0.011
200222 0000 -0.001 -0.022 -0.010
200223 0000 -0.002 -0.024 -0.009
200224 0000 -0.002 -0.023 -0.007
200225 0000 -0.002 -0.023 -0.008
200226 0000 -0.003 -0.023 -0.007
200227 0000 -0.002 -0.024 -0.009
200228 0000 -0.003 -0.023 -0.007
200229 0000 -0.001 -0.024 -0.010
200301 0000 -0.003 -0.023 -0.007
200302 0000 -0.002 -0.023 -0.008
200303 0000 -0.003 -0.023 -0.004
200304 0000 -0.003 -0.023 -0.007
200305 0000 -0.002 -0.023 -0.008
200306 0000 -0.002 -0.023 -0.008
200307 0000 -0.003 -0.023 -0.007
200308 0000 -0.002 -0.025 -0.009
200309 0000 -0.001 -0.022 -0.010
200310 0000 -0.001 -0.023 -0.010
200311 0000 -0.001 -0.024 -0.010
200312 0000 -0.002 -0.023 -0.010
200313 0000 -0.003 -0.024 -0.007
200314 0000 -0.001 -0.023 -0.010
200315 0000 -0.001 -0.024 -0.008
200316 0000 -0.001 -0.023 -0.011
200317 0000 -0.001 -0.024 -0.010
200318 0000 -0.001 -0.023 -0.011
200319 0000 -0.002 -0.024 -0.008
200320 0000 -0.003 -0.023 -0.004
200321 0000 -0.003 -0.024 -0.004
200322 0000 -0.001 -0.022 -0.008
200323 0000 -0.001 -0.025 -0.010
200324 0000 -0.001 -0.024 -0.008
200325 0000 -0.001 -0.024 -0.010
200326 0000 -0.002 -0.024 -0.008
200327 0000 -0.002 -0.024 -0.008
200328 0000 -0.003 -0.024 -0.007
200329 0000 -0.002 -0.024 -0.008
200330 0000 -0.002 -0.023 -0.010
200331 0000 -0.001 -0.024 -0.010
200401 0000 -0.001 -0.024 -0.011
200402 0000 -0.001 -0.024 -0.006
200403 0000 -0.001 -0.024 -0.007
200404 0000 -0.001 -0.024 -0.008
200405 0000 -0.001 -0.025 -0.010
200406 0000 -0.001 -0.023 -0.010
200407 0000 -0.001 -0.023 -0.010
200408 0000 -0.001 -0.027 -0.008
200409 0000 -0.000 -0.027 -0.011
200410 0000 0.001 -0.027 -0.010
200411 0000 0.001 -0.026 -0.010
200412 0000 -0.000 -0.025 -0.005
200413 0000 0.001 -0.026 -0.008
200414 0000 0.000 -0.025 -0.008
200415 0000 0.002 -0.026 -0.008
200416 0000 0.000 -0.026 -0.006
200417 0000 0.001 -0.025 -0.010
200418 0000 -0.001 -0.025 -0.010
200419 0000 -0.001 -0.025 -0.008
200420 0000 -0.001 -0.024 -0.010
200421 0000 0.000 -0.026 -0.011
200422 0000 -0.000 -0.026 -0.008
200423 0000 -0.001 -0.024 -0.010
200424 0000 -0.000 -0.024 -0.012
200425 0000 -0.001 -0.024 -0.008
200426 0000 -0.002 -0.025 -0.007
200427 0000 -0.001 -0.024 -0.010
200428 0000 -0.002 -0.025 -0.008
200429 0000 -0.003 -0.022 -0.004
200430 0000 -0.003 -0.022 -0.008
200501 0000 -0.003 -0.021 -0.009
200502 0000 -0.003 -0.022 -0.009
200503 0000 -0.001 -0.024 -0.008
200504 0000 -0.002 -0.024 -0.010
200505 0000 -0.001 -0.024 -0.013
200506 0000 -0.003 -0.023 -0.006
200507 0000 -0.002 -0.024 -0.008
200508 0000 -0.002 -0.024 -0.010
200509 0000 -0.002 -0.024 -0.009
200510 0000 -0.002 -0.023 -0.011
200511 0000 -0.002 -0.022 -0.010
200512 0000 -0.002 -0.022 -0.010
200513 0000 -0.002 -0.024 -0.006
200514 0000 -0.001 -0.024 -0.011
200515 0000 -0.002 -0.022 -0.010
200516 0000 -0.002 -0.023 -0.009
200517 0000 -0.002 -0.023 -0.008
200518 0000 -0.002 -0.023 -0.008
200519 0000 -0.003 -0.022 -0.007
200520 0000 -0.003 -0.022 -0.007
200521 0000 -0.002 -0.024 -0.004
200522 0000 -0.002 -0.023 -0.008
200523 0000 -0.002 -0.023 -0.011
200524 0000 -0.002 -0.022 -0.009
200525 0000 -0.003 -0.022 -0.007
200526 0000 -0.001 -0.023 -0.013
200527 0000 -0.002 -0.022 -0.011
200528 0000 -0.002 -0.022 -0.010
200529 0000 -0.002 -0.022 -0.009
200530 0000 -0.002 -0.023 -0.009
200531 0000 -0.002 -0.023 -0.008
200601 0000 -0.002 -0.022 -0.008
200602 0000 -0.002 -0.022 -0.011
200603 0000 -0.002 -0.023 -0.008
200604 0000 -0.002 -0.023 -0.008
200605 0000 -0.001 -0.023 -0.013
200606 0000 -0.002 -0.023 -0.010
200607 0000 -0.002 -0.024 -0.006
200608 0000 -0.001 -0.023 -0.014
200609 0000 -0.001 -0.023 -0.015
200610 0000 -0.001 -0.025 -0.010
200611 0000 -0.002 -0.023 -0.009
200612 0000 -0.001 -0.026 -0.009
200613 0000 -0.001 -0.025 -0.008
200614 0000 -0.002 -0.023 -0.003
200615 0000 -0.001 -0.025 -0.003
200616 0000 -0.001 -0.026 -0.007
200617 0000 -0.001 -0.023 -0.008
200618 0000 -0.002 -0.023 -0.004
200619 0000 -0.001 -0.023 -0.006
200620 0000 -0.001 -0.023 -0.008
200621 0000 -0.001 -0.024 -0.009
200622 0000 -0.000 -0.024 -0.011
200623 0000 -0.001 -0.024 -0.007
200624 0000 -0.001 -0.024 -0.007
200625 0000 -0.002 -0.024 -0.004
200626 0000 -0.002 -0.023 -0.004
200627 0000 -0.002 -0.022 -0.007
200628 0000 -0.002 -0.022 -0.009
200629 0000 -0.000 -0.024 -0.011
200630 0000 -0.000 -0.025 -0.010
200701 0000 -0.000 -0.025 -0.011
200702 0000 0.000 -0.024 -0.016
200703 0000 0.001 -0.025 -0.020
200704 0000 0.000 -0.025 -0.011
200705 0000 0.000 -0.025 -0.011
200706 0000 0.000 -0.025 -0.011
200707 0000 0.000 -0.025 -0.011
200708 0000 -0.000 -0.025 -0.010
200709 0000 0.000 -0.025 -0.011
200710 0000 -0.001 -0.023 -0.011
200711 0000 0.002 -0.027 -0.016
200712 0000 0.002 -0.027 -0.016
200713 0000 0.000 -0.024 -0.016
200714 0000 0.001 -0.027 -0.013
200715 0000 0.001 -0.025 -0.016
200716 0000 0.002 -0.027 -0.016
200717 0000 0.001 -0.027 -0.017
200718 0000 0.000 -0.024 -0.016
200719 0000 0.002 -0.028 -0.016
200720 0000 0.000 -0.024 -0.016
200721 0000 0.002 -0.028 -0.016
200722 0000 -0.000 -0.027 -0.017
200723 0000 -0.000 -0.027 -0.013
200724 0000 0.001 -0.027 -0.011
200725 0000 -0.001 -0.025 -0.011
200726 0000 -0.001 -0.024 -0.011
200727 0000 -0.000 -0.023 -0.014
200728 0000 0.006 -0.021 -0.006
200729 0000 0.165 -0.025 -0.657
200730 0000 0.156 -0.026 -0.664
200731 0000 0.156 -0.027 -0.664
200801 0000 0.161 -0.026 -0.651
200802 0000 0.161 -0.022 -0.650
200803 0000 0.169 -0.021 -0.629
200804 0000 0.156 -0.027 -0.664
200805 0000 0.192 -0.027 -0.534
200806 0000 0.178 -0.027 -0.612
200807 0000 0.195 -0.027 -0.615
200808 0000 0.177 -0.024 -0.644
200809 0000 0.177 -0.027 -0.581
200810 0000 0.195 -0.021 -0.611
200811 0000 0.053 -0.027 -0.831
200812 0000 0.084 -0.027 -0.825
200813 0000 0.089 -0.028 -0.787
200814 0000 NaN -0.021 NaN
200815 0000 NaN -0.027 NaN
200816 0000 NaN -0.021 NaN
200817 0000 NaN -0.028 NaN
200818 0000 NaN -0.027 NaN
200819 0000 0.094 -0.021 -0.799
200820 0000 0.073 -0.027 -0.848
200821 0000 0.079 -0.027 -0.824
200822 0000 NaN -0.028 NaN
200823 0000 NaN -0.030 NaN
200824 0000 0.074 -0.029 -0.847
200825 0000 0.073 -0.030 -0.849
200919 0000 0.007 -0.041 -0.010
200920 0000 0.005 -0.041 -0.006
200921 0000 0.007 -0.042 -0.008
200922 0000 0.004 -0.029 -0.008
200923 0000 -0.003 -0.033 -0.007
200924 0000 -0.004 -0.033 -0.007
200925 0000 -0.002 -0.040 -0.007
200926 0000 0.001 -0.047 -0.007
200927 0000 0.001 -0.046 -0.008
200928 0000 0.003 -0.051 -0.008
200929 0000 0.010 -0.074 -0.008
200930 0000 0.013 -0.079 -0.008
201001 0000 0.011 -0.076 -0.008
201002 0000 0.011 -0.073 -0.008
201003 0000 0.001 -0.048 -0.008
201004 0000 0.004 -0.040 -0.008
201005 0000 0.005 -0.042 -0.008
201006 0000 0.004 -0.039 -0.008
201007 0000 0.004 -0.040 -0.008
201008 0000 0.005 -0.042 -0.008
201009 0000 0.004 -0.042 -0.004
201010 0000 0.004 -0.042 -0.002
201011 0000 0.004 -0.042 -0.002
201012 0000 0.005 -0.042 -0.010
201013 0000 0.002 -0.039 -0.002
201014 0000 0.000 -0.033 -0.005
201015 0000 0.001 -0.033 -0.005
201016 0000 0.002 -0.037 -0.006
201017 0000 0.002 -0.036 -0.007
201018 0000 0.001 -0.036 -0.001
201019 0000 -0.000 -0.033 -0.001
201020 0000 0.000 -0.031 -0.001
201021 0000 -0.000 -0.031 -0.000
201022 0000 0.000 -0.031 -0.004
201023 0000 0.001 -0.035 -0.005
201024 0000 0.002 -0.035 -0.007
201025 0000 0.001 -0.035 -0.006
201026 0000 0.002 -0.035 -0.006
201027 0000 0.002 -0.035 -0.006
201028 0000 0.002 -0.035 -0.006
201029 0000 0.001 -0.035 -0.006
201030 0000 0.001 -0.032 -0.006
201031 0000 0.002 -0.035 -0.006
201101 0000 0.001 -0.034 -0.004
201102 0000 0.001 -0.032 -0.004
201103 0000 0.003 -0.038 -0.006
201104 0000 0.003 -0.038 -0.006
201105 0000 0.002 -0.035 -0.007
201106 0000 0.002 -0.035 -0.006
201107 0000 0.002 -0.036 -0.006
201108 0000 0.001 -0.032 -0.004
201109 0000 0.001 -0.034 -0.004
201110 0000 0.001 -0.032 -0.004
201111 0000 0.002 -0.036 -0.002
201112 0000 0.002 -0.034 -0.007
201113 0000 0.003 -0.037 -0.006
201114 0000 0.003 -0.037 -0.007
201115 0000 0.002 -0.035 -0.006
201116 0000 0.003 -0.037 -0.006
201117 0000 0.003 -0.037 -0.006
201118 0000 0.003 -0.037 -0.006
201119 0000 0.002 -0.037 -0.005
201120 0000 0.001 -0.035 -0.004
201121 0000 0.003 -0.033 -0.006
201122 0000 0.002 -0.032 -0.004
201123 0000 0.003 -0.033 -0.006
201124 0000 0.002 -0.032 -0.004
201125 0000 0.003 -0.033 -0.006
201126 0000 0.002 -0.032 -0.004
201127 0000 0.003 -0.032 -0.000
201128 0000 0.004 -0.032 -0.004
201129 0000 0.002 -0.030 -0.006
201130 0000 0.003 -0.029 -0.003
201201 0000 0.003 -0.031 -0.003
201202 0000 0.003 -0.032 0.001
201203 0000 0.003 -0.029 -0.001
201204 0000 0.003 -0.030 -0.000
201205 0000 0.003 -0.029 -0.000
201206 0000 0.002 -0.029 -0.000
201208 0000 0.002 -0.028 -0.001
201209 0000 0.003 -0.029 -0.003
201210 0000 0.003 -0.026 -0.003
201212 0000 0.003 -0.026 -0.005
201213 0000 0.002 -0.027 -0.004
201214 0000 0.002 -0.028 -0.006
201215 0000 0.001 -0.027 -0.006
201216 0000 0.001 -0.030 -0.006
201217 0000 0.002 -0.028 -0.006
201218 0000 0.001 -0.030 -0.004
201230 1613 0.012 -0.011 -0.008
201230 1614 0.012 -0.011 -0.006
201230 1616 0.011 -0.011 -0.002
201231 0000 0.001 -0.024 -0.002
210101 0000 0.001 -0.024 -0.008
210102 0000 0.001 -0.025 -0.004
210103 0000 0.001 -0.024 -0.001
210104 0000 0.001 -0.024 -0.002
210105 0000 0.001 -0.024 -0.008
210112 0000 -0.002 -0.020 -0.004
210113 0000 -0.000 -0.025 -0.006
210114 0000 -0.001 -0.023 -0.003
210115 0000 -0.002 -0.019 0.001
210116 0000 -0.002 -0.019 -0.004
210117 0000 -0.001 -0.019 -0.005
210118 0000 0.000 -0.023 -0.004
210119 0000 0.001 -0.023 -0.007
210120 0000 -0.001 -0.019 -0.006
210121 0000 0.001 -0.024 -0.006
210122 0000 0.001 -0.024 -0.006
210123 0000 0.000 -0.024 -0.004
210124 0000 0.000 -0.024 -0.005
210125 0000 0.000 -0.024 -0.005
210126 0000 0.001 -0.024 -0.006
210127 0000 0.000 -0.024 -0.005
210128 0000 0.000 -0.024 -0.005
210129 0000 0.001 -0.024 -0.006
210130 0000 0.000 -0.023 -0.005
210131 0000 0.000 -0.023 -0.006
210201 0000 -0.000 -0.023 -0.002
210202 0000 0.000 -0.023 -0.006
210203 0000 0.000 -0.023 -0.006
210204 0000 0.000 -0.024 -0.005
210205 0000 0.000 -0.024 -0.005
210206 0000 -0.001 -0.019 -0.005
210207 0000 0.000 -0.023 -0.006
210208 0000 -0.002 -0.019 -0.002
210209 0000 0.001 -0.024 -0.006
210301 1538 0.004 -0.017 -0.002
210301 1539 0.005 -0.017 -0.006
210301 1541 -0.003 -0.039 -0.002
210301 1542 -0.002 -0.039 -0.008
210301 1543 -0.001 -0.039 -0.007
210301 1544 -0.002 -0.039 -0.005
210301 1546 -0.002 -0.039 -0.005
210301 1547 -0.002 -0.039 -0.001
210301 1548 -0.002 -0.039 -0.002
210301 1559 -0.007 -0.036 -0.005
210301 1601 -0.005 -0.033 -0.003
210301 1602 -0.002 -0.036 -0.004
210301 1603 -0.001 -0.035 -0.007
210301 1604 -0.001 -0.038 -0.006
210302 0000 0.001 -0.019 0.001
210303 0000 0.001 -0.018 -0.004
210304 0000 0.000 -0.023 -0.006
210305 0000 -0.001 -0.020 -0.004
210306 0000 -0.001 -0.020 -0.006
210307 0000 -0.000 -0.023 -0.002
210308 0000 -0.001 -0.020 -0.006
210309 0000 -0.001 -0.020 -0.006
210310 0000 -0.002 -0.018 -0.005
210311 0000 0.000 -0.023 -0.005
210312 0000 -0.001 -0.019 -0.006
210313 0000 -0.001 -0.019 -0.005
210314 0000 -0.001 -0.019 -0.005
210315 0000 -0.001 -0.019 -0.005
210316 0000 -0.001 -0.021 -0.004
210317 0000 -0.001 -0.019 -0.006
210318 0000 -0.001 -0.020 -0.006
210319 0000 -0.001 -0.020 -0.006
210320 0000 -0.000 -0.021 -0.006
210321 0000 -0.001 -0.019 -0.006
210322 0000 -0.002 -0.019 -0.004
210323 0000 -0.001 -0.022 -0.006
210324 0000 -0.001 -0.019 -0.006
210325 0000 -0.001 -0.019 -0.006
210326 0000 -0.000 -0.023 -0.007
210327 0000 -0.001 -0.019 -0.005
210328 0000 0.000 -0.019 -0.004
210329 0000 -0.001 -0.019 0.003
210330 0000 0.001 -0.019 -0.006
210331 0000 0.000 -0.019 -0.004
210401 0000 0.000 -0.018 -0.003
210402 0000 0.001 -0.020 -0.005
210403 0000 0.000 -0.018 -0.004
210404 0000 0.001 -0.020 -0.001
210405 0000 0.002 -0.019 -0.005
210406 0000 0.001 -0.020 -0.005
210407 0000 0.001 -0.022 -0.004
210408 0000 0.002 -0.022 -0.005
210409 0000 -0.002 -0.018 -0.001
210410 0000 -0.001 -0.021 -0.005
210411 0000 -0.001 -0.021 -0.005
210412 0000 -0.001 -0.021 -0.004
210413 0000 -0.001 -0.020 -0.006
210414 0000 -0.001 -0.021 -0.005
210415 0000 -0.001 -0.021 -0.006
210416 0000 -0.001 -0.020 -0.006
210417 0000 -0.001 -0.020 -0.005
210418 0000 -0.001 -0.020 -0.006
210419 0000 -0.001 -0.021 -0.005
210420 0000 -0.002 -0.021 -0.002
210421 0000 -0.001 -0.021 -0.006
210422 0000 -0.001 -0.020 -0.006
210423 0000 -0.001 -0.020 -0.005
210424 0000 0.001 -0.020 -0.007
210425 0000 0.001 -0.020 -0.005
210426 0000 0.001 -0.019 -0.005
210427 0000 0.001 -0.020 -0.005
210428 0000 -0.000 -0.019 0.001
210429 0000 0.001 -0.020 -0.005
210430 0000 -0.001 -0.021 -0.004
210501 0000 -0.001 -0.020 -0.005
210502 0000 0.001 -0.019 -0.004
210503 0000 0.000 -0.018 -0.004
210504 0000 -0.000 -0.014 -0.005
210505 0000 0.001 -0.020 -0.004
210506 0000 0.002 -0.021 -0.006
210507 0000 -0.001 -0.017 -0.008
210508 0000 0.000 -0.018 -0.005
210509 0000 -0.002 -0.018 -0.004
210510 0000 -0.000 -0.019 -0.010
210511 0000 -0.002 -0.018 -0.001
210512 0000 -0.001 -0.019 -0.002
210513 0000 -0.001 -0.017 -0.005
210514 0000 -0.002 -0.019 -0.001
210515 0000 -0.002 -0.017 -0.001
210516 0000 -0.002 -0.017 -0.001
210517 0000 -0.001 -0.017 -0.004
210518 0000 -0.001 -0.017 -0.004
210519 0000 -0.000 -0.019 -0.004
210520 0000 -0.002 -0.017 -0.001
210521 0000 -0.002 -0.017 -0.001
